[38;5;16;48;5;16m▓[38;5;16;48;5;16m▓[38;5;16;48;5;16m▓[38;5;16;48;5;16m▓[38;5;16;48;5;16m▓[38;5;16;48;5;16m▓[38;5;16;48;5;16m▓[38;5;16;48;5;16m▓[38;5;16;48;5;16m▓[38;5;16;48;5;16m▓[38;5;16;48;5;16m▓[38;5;16;48;5;16m▓[38;5;16;48;5;16m▓[38;5;16;48;5;16m▓[38;5;16;48;5;16m▓[38;5;16;48;5;16m▓[38;5;16;48;5;16m▓[38;5;16;48;5;16m▓[38;5;16;48;5;16m▓[38;5;16;48;5;16m▓[38;5;16;48;5;16m▓[38;5;16;48;5;16m▓[38;5;16;48;5;16m▓[38;5;16;48;5;16m▓[38;5;16;48;5;16m▓[38;5;16;48;5;16m▓[38;5;16;48;5;16m▓[38;5;16;48;5;16m▓[38;5;16;48;5;16m▓[38;5;16;48;5;16m▓[38;5;16;48;5;16m▓[38;5;16;48;5;16m▓[38;5;16;48;5;16m▓[38;5;16;48;5;16m▓[38;5;16;48;5;16m▓[38;5;16;48;5;16m▓[38;5;16;48;5;16m▓[38;5;16;48;5;16m▓[38;5;16;48;5;16m▓[38;5;16;48;5;16m▓[38;5;16;48;5;16m▓[38;5;16;48;5;16m▓[38;5;16;48;5;16m▓[38;5;16;48;5;16m▓[38;5;16;48;5;16m▓[38;5;16;48;5;16m▓[38;5;16;48;5;16m▓[38;5;16;48;5;16m▓[38;5;16;48;5;16m▓[38;5;16;48;5;16m▓[38;5;16;48;5;16m▓[38;5;16;48;5;16m▓[38;5;16;48;5;16m▓[38;5;16;48;5;16m▓[38;5;16;48;5;16m▓[38;5;16;48;5;16m▓[38;5;16;48;5;16m▓[38;5;16;48;5;16m▓[38;5;16;48;5;16m▓[38;5;16;48;5;16m▓[38;5;16;48;5;16m▓[38;5;16;48;5;16m▓[38;5;16;48;5;16m▓[38;5;16;48;5;16m▓[38;5;16;48;5;16m▓[38;5;16;48;5;16m▓[38;5;16;48;5;16m▓[38;5;16;48;5;16m▓[38;5;16;48;5;16m▓[38;5;16;48;5;16m▓[38;5;16;48;5;16m▓[38;5;16;48;5;16m▓[38;5;16;48;5;16m▓[38;5;16;48;5;16m▓[38;5;16;48;5;16m▓[38;5;16;48;5;16m▓[38;5;16;48;5;16m▓[38;5;16;48;5;16m▓[38;5;16;48;5;16m▓[38;5;16;48;5;16m▓[0m
[38;5;16;48;5;16m▓[38;5;16;48;5;16m▓[38;5;16;48;5;16m▓[38;5;16;48;5;16m▓[38;5;16;48;5;16m▓[38;5;16;48;5;16m▓[38;5;16;48;5;16m▓[38;5;16;48;5;16m▓[38;5;16;48;5;16m▓[38;5;16;48;5;16m▓[38;5;16;48;5;16m▓[38;5;16;48;5;16m▓[38;5;16;48;5;16m▓[38;5;16;48;5;16m▓[38;5;16;48;5;16m▓[38;5;16;48;5;16m▓[38;5;16;48;5;16m▓[38;5;16;48;5;16m▓[38;5;16;48;5;16m▓[38;5;16;48;5;16m▓[38;5;16;48;5;16m▓[38;5;16;48;5;16m▓[38;5;16;48;5;16m▓[38;5;16;48;5;16m▓[38;5;16;48;5;16m▓[38;5;16;48;5;16m▓[38;5;16;48;5;16m▓[38;5;16;48;5;16m▓[38;5;16;48;5;16m▓[38;5;16;48;5;16m▓[38;5;16;48;5;16m▓[38;5;16;48;5;16m▓[38;5;16;48;5;16m▓[38;5;16;48;5;16m▓[38;5;16;48;5;16m▓[38;5;16;48;5;16m▓[38;5;16;48;5;16m▓[38;5;16;48;5;16m▓[38;5;16;48;5;16m▓[38;5;16;48;5;16m▓[38;5;16;48;5;16m▓[38;5;16;48;5;16m▓[38;5;16;48;5;16m▓[38;5;16;48;5;16m▓[38;5;16;48;5;16m▓[38;5;16;48;5;16m▓[38;5;16;48;5;16m▓[38;5;16;48;5;16m▓[38;5;16;48;5;16m▓[38;5;16;48;5;16m▓[38;5;16;48;5;16m▓[38;5;16;48;5;16m▓[38;5;16;48;5;16m▓[38;5;16;48;5;16m▓[38;5;16;48;5;16m▓[38;5;16;48;5;16m▓[38;5;16;48;5;16m▓[38;5;16;48;5;16m▓[38;5;16;48;5;16m▓[38;5;16;48;5;16m▓[38;5;16;48;5;16m▓[38;5;16;48;5;16m▓[38;5;16;48;5;16m▓[38;5;16;48;5;16m▓[38;5;16;48;5;16m▓[38;5;16;48;5;16m▓[38;5;16;48;5;16m▓[38;5;16;48;5;16m▓[38;5;16;48;5;16m▓[38;5;16;48;5;16m▓[38;5;16;48;5;16m▓[38;5;16;48;5;16m▓[38;5;16;48;5;16m▓[38;5;16;48;5;16m▓[38;5;16;48;5;16m▓[38;5;16;48;5;16m▓[38;5;16;48;5;16m▓[38;5;16;48;5;16m▓[38;5;16;48;5;16m▓[38;5;16;48;5;16m▓[0m
[38;5;16;48;5;16m▓[38;5;16;48;5;16m▓[38;5;16;48;5;16m▓[38;5;16;48;5;16m▓[38;5;16;48;5;16m▓[38;5;16;48;5;16m▓[38;5;16;48;5;16m▓[38;5;16;48;5;16m▓[38;5;16;48;5;16m▓[38;5;16;48;5;16m▓[38;5;16;48;5;16m▓[38;5;16;48;5;16m▓[38;5;16;48;5;16m▓[38;5;16;48;5;16m▓[38;5;16;48;5;16m▓[38;5;16;48;5;16m▓[38;5;16;48;5;16m▓[38;5;16;48;5;16m▓[38;5;16;48;5;16m▓[38;5;16;48;5;16m▓[38;5;16;48;5;16m▓[38;5;16;48;5;16m▓[38;5;16;48;5;16m▓[38;5;16;48;5;16m▓[38;5;16;48;5;16m▓[38;5;16;48;5;16m▓[38;5;16;48;5;16m▓[38;5;16;48;5;16m▓[38;5;16;48;5;16m▓[38;5;16;48;5;16m▓[38;5;16;48;5;16m▓[38;5;16;48;5;16m▓[38;5;16;48;5;16m▓[38;5;16;48;5;16m▓[38;5;16;48;5;16m▓[38;5;16;48;5;16m▓[38;5;16;48;5;16m▓[38;5;56;48;5;236m░[38;5;56;48;5;60m▒[38;5;57;48;5;61m▒[38;5;57;48;5;61m▒[38;5;99;48;5;61m▒[38;5;98;48;5;97m▒[38;5;61;48;5;239m▓[38;5;16;48;5;16m▓[38;5;16;48;5;16m▓[38;5;16;48;5;16m▓[38;5;16;48;5;16m▓[38;5;16;48;5;16m▓[38;5;16;48;5;16m▓[38;5;16;48;5;16m▓[38;5;16;48;5;16m▓[38;5;16;48;5;16m▓[38;5;16;48;5;16m▓[38;5;16;48;5;16m▓[38;5;16;48;5;16m▓[38;5;16;48;5;16m▓[38;5;16;48;5;16m▓[38;5;16;48;5;16m▓[38;5;16;48;5;16m▓[38;5;16;48;5;16m▓[38;5;16;48;5;16m▓[38;5;16;48;5;16m▓[38;5;16;48;5;16m▓[38;5;16;48;5;16m▓[38;5;16;48;5;16m▓[38;5;16;48;5;16m▓[38;5;16;48;5;16m▓[38;5;16;48;5;16m▓[38;5;16;48;5;16m▓[38;5;16;48;5;16m▓[38;5;16;48;5;16m▓[38;5;16;48;5;16m▓[38;5;16;48;5;16m▓[38;5;16;48;5;16m▓[38;5;16;48;5;16m▓[38;5;16;48;5;16m▓[38;5;16;48;5;16m▓[38;5;16;48;5;16m▓[38;5;16;48;5;16m▓[0m
[38;5;16;48;5;16m▓[38;5;16;48;5;16m▓[38;5;16;48;5;16m▓[38;5;16;48;5;16m▓[38;5;16;48;5;16m▓[38;5;16;48;5;16m▓[38;5;16;48;5;16m▓[38;5;16;48;5;16m▓[38;5;16;48;5;16m▓[38;5;16;48;5;16m▓[38;5;16;48;5;16m▓[38;5;16;48;5;16m▓[38;5;16;48;5;16m▓[38;5;16;48;5;16m▓[38;5;16;48;5;16m▓[38;5;16;48;5;16m▓[38;5;16;48;5;16m▓[38;5;16;48;5;16m▓[38;5;16;48;5;16m▓[38;5;16;48;5;16m▓[38;5;16;48;5;16m▓[38;5;16;48;5;16m▓[38;5;16;48;5;16m▓[38;5;16;48;5;16m▓[38;5;16;48;5;16m▓[38;5;16;48;5;16m▓[38;5;16;48;5;16m▓[38;5;16;48;5;16m▓[38;5;16;48;5;16m▓[38;5;17;48;5;16m [38;5;141;48;5;232m [38;5;134;48;5;54m▒[38;5;92;48;5;54m░[38;5;92;48;5;54m░[38;5;92;48;5;54m░[38;5;55;48;5;54m░[38;5;135;48;5;54m░[38;5;56;48;5;54m░[38;5;57;48;5;54m░[38;5;98;48;5;55m░[38;5;99;48;5;55m░[38;5;99;48;5;55m▒[38;5;99;48;5;55m▒[38;5;62;48;5;61m▒[38;5;62;48;5;61m▒[38;5;104;48;5;61m▒[38;5;69;48;5;61m▒[38;5;69;48;5;62m▒[38;5;69;48;5;62m▒[38;5;27;48;5;68m▒[38;5;17;48;5;16m [38;5;16;48;5;16m▓[38;5;16;48;5;16m▓[38;5;16;48;5;16m▓[38;5;16;48;5;16m▓[38;5;16;48;5;16m▓[38;5;16;48;5;16m▓[38;5;16;48;5;16m▓[38;5;16;48;5;16m▓[38;5;16;48;5;16m▓[38;5;16;48;5;16m▓[38;5;16;48;5;16m▓[38;5;16;48;5;16m▓[38;5;16;48;5;16m▓[38;5;16;48;5;16m▓[38;5;16;48;5;16m▓[38;5;16;48;5;16m▓[38;5;16;48;5;16m▓[38;5;16;48;5;16m▓[38;5;16;48;5;16m▓[38;5;16;48;5;16m▓[38;5;16;48;5;16m▓[38;5;16;48;5;16m▓[38;5;16;48;5;16m▓[38;5;16;48;5;16m▓[38;5;16;48;5;16m▓[38;5;16;48;5;16m▓[38;5;16;48;5;16m▓[38;5;16;48;5;16m▓[38;5;16;48;5;16m▓[0m
[38;5;16;48;5;16m▓[38;5;16;48;5;16m▓[38;5;16;48;5;16m▓[38;5;16;48;5;16m▓[38;5;16;48;5;16m▓[38;5;16;48;5;16m▓[38;5;16;48;5;16m▓[38;5;16;48;5;16m▓[38;5;16;48;5;16m▓[38;5;16;48;5;16m▓[38;5;16;48;5;16m▓[38;5;16;48;5;16m▓[38;5;16;48;5;16m▓[38;5;16;48;5;16m▓[38;5;16;48;5;16m▓[38;5;16;48;5;16m▓[38;5;16;48;5;16m▓[38;5;16;48;5;16m▓[38;5;16;48;5;16m▓[38;5;16;48;5;16m▓[38;5;16;48;5;16m▓[38;5;16;48;5;16m▓[38;5;16;48;5;16m▓[38;5;16;48;5;16m▓[38;5;16;48;5;16m▓[38;5;16;48;5;16m▓[38;5;17;48;5;232m [38;5;92;48;5;96m▒[38;5;92;48;5;55m░[38;5;129;48;5;54m░[38;5;129;48;5;54m░[38;5;129;48;5;91m░[38;5;134;48;5;54m░[38;5;55;48;5;53m░[38;5;99;48;5;17m [38;5;17;48;5;233m [38;5;17;48;5;232m [38;5;99;48;5;233m [38;5;141;48;5;233m [38;5;99;48;5;233m [38;5;17;48;5;232m [38;5;17;48;5;232m [38;5;99;48;5;17m░[38;5;99;48;5;233m [38;5;17;48;5;232m [38;5;17;48;5;232m [38;5;17;48;5;233m [38;5;69;48;5;17m [38;5;27;48;5;68m▒[38;5;26;48;5;68m░[38;5;33;48;5;68m░[38;5;25;48;5;75m░[38;5;81;48;5;38m░[38;5;74;48;5;110m▒[38;5;17;48;5;16m [38;5;16;48;5;16m▓[38;5;16;48;5;16m▓[38;5;16;48;5;16m▓[38;5;16;48;5;16m▓[38;5;16;48;5;16m▓[38;5;16;48;5;16m▓[38;5;16;48;5;16m▓[38;5;16;48;5;16m▓[38;5;16;48;5;16m▓[38;5;16;48;5;16m▓[38;5;16;48;5;16m▓[38;5;16;48;5;16m▓[38;5;16;48;5;16m▓[38;5;16;48;5;16m▓[38;5;16;48;5;16m▓[38;5;16;48;5;16m▓[38;5;16;48;5;16m▓[38;5;16;48;5;16m▓[38;5;16;48;5;16m▓[38;5;16;48;5;16m▓[38;5;16;48;5;16m▓[38;5;16;48;5;16m▓[38;5;16;48;5;16m▓[38;5;16;48;5;16m▓[38;5;16;48;5;16m▓[0m
[38;5;16;48;5;16m▓[38;5;16;48;5;16m▓[38;5;16;48;5;16m▓[38;5;16;48;5;16m▓[38;5;16;48;5;16m▓[38;5;16;48;5;16m▓[38;5;16;48;5;16m▓[38;5;16;48;5;16m▓[38;5;16;48;5;16m▓[38;5;16;48;5;16m▓[38;5;16;48;5;16m▓[38;5;16;48;5;16m▓[38;5;16;48;5;16m▓[38;5;16;48;5;16m▓[38;5;16;48;5;16m▓[38;5;16;48;5;16m▓[38;5;16;48;5;16m▓[38;5;16;48;5;16m▓[38;5;16;48;5;16m▓[38;5;16;48;5;16m▓[38;5;16;48;5;16m▓[38;5;16;48;5;16m▓[38;5;16;48;5;16m▓[38;5;16;48;5;16m▓[38;5;17;48;5;232m [38;5;134;48;5;54m░[38;5;129;48;5;54m░[38;5;177;48;5;54m░[38;5;134;48;5;55m░[38;5;134;48;5;54m░[38;5;99;48;5;233m [38;5;99;48;5;233m [38;5;16;48;5;16m▓[38;5;16;48;5;16m▓[38;5;16;48;5;16m▓[38;5;16;48;5;16m▓[38;5;17;48;5;232m [38;5;17;48;5;232m [38;5;17;48;5;16m [38;5;16;48;5;16m▓[38;5;16;48;5;16m▓[38;5;16;48;5;16m▓[38;5;16;48;5;16m▓[38;5;16;48;5;16m▓[38;5;16;48;5;16m▓[38;5;16;48;5;16m▓[38;5;16;48;5;16m▓[38;5;16;48;5;16m▓[38;5;16;48;5;16m▓[38;5;69;48;5;233m [38;5;17;48;5;232m [38;5;33;48;5;17m [38;5;39;48;5;38m░[38;5;31;48;5;38m░[38;5;81;48;5;39m░[38;5;45;48;5;38m░[38;5;17;48;5;232m [38;5;16;48;5;16m▓[38;5;16;48;5;16m▓[38;5;16;48;5;16m▓[38;5;16;48;5;16m▓[38;5;16;48;5;16m▓[38;5;16;48;5;16m▓[38;5;16;48;5;16m▓[38;5;16;48;5;16m▓[38;5;16;48;5;16m▓[38;5;16;48;5;16m▓[38;5;16;48;5;16m▓[38;5;16;48;5;16m▓[38;5;16;48;5;16m▓[38;5;16;48;5;16m▓[38;5;16;48;5;16m▓[38;5;16;48;5;16m▓[38;5;16;48;5;16m▓[38;5;16;48;5;16m▓[38;5;16;48;5;16m▓[38;5;16;48;5;16m▓[38;5;16;48;5;16m▓[38;5;16;48;5;16m▓[38;5;16;48;5;16m▓[0m
[38;5;16;48;5;16m▓[38;5;16;48;5;16m▓[38;5;16;48;5;16m▓[38;5;16;48;5;16m▓[38;5;16;48;5;16m▓[38;5;16;48;5;16m▓[38;5;16;48;5;16m▓[38;5;16;48;5;16m▓[38;5;16;48;5;16m▓[38;5;16;48;5;16m▓[38;5;16;48;5;16m▓[38;5;16;48;5;16m▓[38;5;16;48;5;16m▓[38;5;16;48;5;16m▓[38;5;16;48;5;16m▓[38;5;16;48;5;16m▓[38;5;16;48;5;16m▓[38;5;16;48;5;16m▓[38;5;16;48;5;16m▓[38;5;16;48;5;16m▓[38;5;16;48;5;16m▓[38;5;16;48;5;16m▓[38;5;16;48;5;16m▓[38;5;134;48;5;55m░[38;5;92;48;5;55m [38;5;92;48;5;55m░[38;5;92;48;5;91m░[38;5;99;48;5;233m [38;5;141;48;5;233m [38;5;16;48;5;16m▓[38;5;17;48;5;16m [38;5;17;48;5;232m [38;5;17;48;5;16m [38;5;17;48;5;232m [38;5;17;48;5;232m [38;5;141;48;5;233m [38;5;17;48;5;232m [38;5;17;48;5;16m [38;5;17;48;5;16m [38;5;17;48;5;16m [38;5;16;48;5;16m▓[38;5;16;48;5;16m▓[38;5;16;48;5;16m▓[38;5;16;48;5;16m▓[38;5;16;48;5;16m▓[38;5;16;48;5;16m▓[38;5;16;48;5;16m▓[38;5;16;48;5;16m▓[38;5;16;48;5;16m▓[38;5;16;48;5;16m▓[38;5;16;48;5;16m▓[38;5;16;48;5;16m▓[38;5;75;48;5;232m [38;5;69;48;5;233m [38;5;38;48;5;38m░[38;5;31;48;5;45m [38;5;45;48;5;45m [38;5;45;48;5;81m░[38;5;111;48;5;232m [38;5;16;48;5;16m▓[38;5;16;48;5;16m▓[38;5;16;48;5;16m▓[38;5;16;48;5;16m▓[38;5;16;48;5;16m▓[38;5;16;48;5;16m▓[38;5;16;48;5;16m▓[38;5;16;48;5;16m▓[38;5;16;48;5;16m▓[38;5;16;48;5;16m▓[38;5;16;48;5;16m▓[38;5;16;48;5;16m▓[38;5;16;48;5;16m▓[38;5;16;48;5;16m▓[38;5;16;48;5;16m▓[38;5;16;48;5;16m▓[38;5;16;48;5;16m▓[38;5;16;48;5;16m▓[38;5;16;48;5;16m▓[38;5;16;48;5;16m▓[38;5;16;48;5;16m▓[0m
[38;5;16;48;5;16m▓[38;5;16;48;5;16m▓[38;5;16;48;5;16m▓[38;5;16;48;5;16m▓[38;5;16;48;5;16m▓[38;5;16;48;5;16m▓[38;5;16;48;5;16m▓[38;5;16;48;5;16m▓[38;5;16;48;5;16m▓[38;5;16;48;5;16m▓[38;5;16;48;5;16m▓[38;5;16;48;5;16m▓[38;5;16;48;5;16m▓[38;5;16;48;5;16m▓[38;5;16;48;5;16m▓[38;5;16;48;5;16m▓[38;5;16;48;5;16m▓[38;5;16;48;5;16m▓[38;5;16;48;5;16m▓[38;5;16;48;5;16m▓[38;5;16;48;5;16m▓[38;5;17;48;5;232m [38;5;55;48;5;54m [38;5;55;48;5;54m [38;5;92;48;5;55m░[38;5;141;48;5;233m [38;5;141;48;5;233m [38;5;16;48;5;16m▓[38;5;17;48;5;232m [38;5;17;48;5;232m [38;5;99;48;5;233m [38;5;57;48;5;17m [38;5;55;48;5;54m [38;5;135;48;5;53m [38;5;17;48;5;233m [38;5;17;48;5;233m [38;5;17;48;5;232m [38;5;17;48;5;232m [38;5;17;48;5;232m [38;5;17;48;5;232m [38;5;17;48;5;232m [38;5;17;48;5;232m [38;5;17;48;5;232m [38;5;17;48;5;232m [38;5;17;48;5;232m [38;5;17;48;5;16m [38;5;16;48;5;16m▓[38;5;16;48;5;16m▓[38;5;16;48;5;16m▓[38;5;16;48;5;16m▓[38;5;16;48;5;16m▓[38;5;16;48;5;16m▓[38;5;16;48;5;16m▓[38;5;16;48;5;16m▓[38;5;69;48;5;232m [38;5;69;48;5;233m [38;5;45;48;5;81m░[38;5;45;48;5;51m [38;5;51;48;5;51m [38;5;32;48;5;235m░[38;5;16;48;5;16m▓[38;5;16;48;5;16m▓[38;5;16;48;5;16m▓[38;5;16;48;5;16m▓[38;5;16;48;5;16m▓[38;5;16;48;5;16m▓[38;5;16;48;5;16m▓[38;5;16;48;5;16m▓[38;5;16;48;5;16m▓[38;5;16;48;5;16m▓[38;5;16;48;5;16m▓[38;5;16;48;5;16m▓[38;5;16;48;5;16m▓[38;5;16;48;5;16m▓[38;5;16;48;5;16m▓[38;5;16;48;5;16m▓[38;5;16;48;5;16m▓[38;5;16;48;5;16m▓[38;5;16;48;5;16m▓[38;5;16;48;5;16m▓[0m
[38;5;16;48;5;16m▓[38;5;16;48;5;16m▓[38;5;16;48;5;16m▓[38;5;16;48;5;16m▓[38;5;16;48;5;16m▓[38;5;16;48;5;16m▓[38;5;16;48;5;16m▓[38;5;16;48;5;16m▓[38;5;16;48;5;16m▓[38;5;16;48;5;16m▓[38;5;16;48;5;16m▓[38;5;16;48;5;16m▓[38;5;16;48;5;16m▓[38;5;16;48;5;16m▓[38;5;16;48;5;16m▓[38;5;16;48;5;16m▓[38;5;16;48;5;16m▓[38;5;16;48;5;16m▓[38;5;16;48;5;16m▓[38;5;16;48;5;16m▓[38;5;55;48;5;54m▒[38;5;56;48;5;55m [38;5;55;48;5;54m [38;5;55;48;5;54m░[38;5;17;48;5;232m [38;5;16;48;5;16m▓[38;5;16;48;5;16m▓[38;5;17;48;5;16m [38;5;17;48;5;16m [38;5;141;48;5;17m [38;5;92;48;5;91m░[38;5;92;48;5;92m░[38;5;92;48;5;134m░[38;5;177;48;5;135m░[38;5;55;48;5;135m░[38;5;56;48;5;98m░[38;5;98;48;5;56m░[38;5;99;48;5;56m░[38;5;99;48;5;56m▒[38;5;99;48;5;55m▒[38;5;62;48;5;61m▒[38;5;62;48;5;62m▒[38;5;69;48;5;62m▒[38;5;68;48;5;68m░[38;5;33;48;5;69m░[38;5;39;48;5;75m░[38;5;38;48;5;81m [38;5;38;48;5;24m░[38;5;17;48;5;232m [38;5;16;48;5;16m▓[38;5;16;48;5;16m▓[38;5;16;48;5;16m▓[38;5;16;48;5;16m▓[38;5;16;48;5;16m▓[38;5;16;48;5;16m▓[38;5;16;48;5;16m▓[38;5;32;48;5;233m [38;5;81;48;5;74m▒[38;5;38;48;5;45m [38;5;38;48;5;38m [38;5;45;48;5;80m░[38;5;17;48;5;16m [38;5;16;48;5;16m▓[38;5;16;48;5;16m▓[38;5;16;48;5;16m▓[38;5;16;48;5;16m▓[38;5;16;48;5;16m▓[38;5;16;48;5;16m▓[38;5;16;48;5;16m▓[38;5;16;48;5;16m▓[38;5;16;48;5;16m▓[38;5;16;48;5;16m▓[38;5;16;48;5;16m▓[38;5;16;48;5;16m▓[38;5;16;48;5;16m▓[38;5;16;48;5;16m▓[38;5;16;48;5;16m▓[38;5;16;48;5;16m▓[38;5;16;48;5;16m▓[38;5;16;48;5;16m▓[0m
[38;5;16;48;5;16m▓[38;5;16;48;5;16m▓[38;5;16;48;5;16m▓[38;5;16;48;5;16m▓[38;5;16;48;5;16m▓[38;5;16;48;5;16m▓[38;5;16;48;5;16m▓[38;5;16;48;5;16m▓[38;5;16;48;5;16m▓[38;5;16;48;5;16m▓[38;5;16;48;5;16m▓[38;5;16;48;5;16m▓[38;5;16;48;5;16m▓[38;5;16;48;5;16m▓[38;5;98;48;5;238m▒[38;5;16;48;5;16m▓[38;5;16;48;5;16m▓[38;5;16;48;5;16m▓[38;5;16;48;5;16m▓[38;5;99;48;5;233m [38;5;93;48;5;55m [38;5;93;48;5;54m [38;5;140;48;5;97m▒[38;5;17;48;5;232m [38;5;16;48;5;16m▓[38;5;16;48;5;16m▓[38;5;17;48;5;232m [38;5;17;48;5;233m [38;5;99;48;5;17m [38;5;57;48;5;234m [38;5;17;48;5;232m [38;5;135;48;5;53m [38;5;140;48;5;98m▒[38;5;140;48;5;98m▒[38;5;140;48;5;98m▒[38;5;57;48;5;61m▒[38;5;99;48;5;61m▒[38;5;99;48;5;61m▒[38;5;99;48;5;61m▒[38;5;104;48;5;61m▒[38;5;104;48;5;62m▒[38;5;69;48;5;61m▒[38;5;68;48;5;68m▒[38;5;110;48;5;68m▒[38;5;32;48;5;68m▒[38;5;39;48;5;38m░[38;5;31;48;5;45m [38;5;87;48;5;87m [38;5;87;48;5;87m [38;5;45;48;5;80m▒[38;5;17;48;5;16m [38;5;16;48;5;16m▓[38;5;16;48;5;16m▓[38;5;16;48;5;16m▓[38;5;16;48;5;16m▓[38;5;16;48;5;16m▓[38;5;16;48;5;16m▓[38;5;17;48;5;232m [38;5;31;48;5;24m░[38;5;38;48;5;38m [38;5;31;48;5;32m [38;5;74;48;5;24m▒[38;5;16;48;5;16m▓[38;5;16;48;5;16m▓[38;5;81;48;5;233m [38;5;23;48;5;234m [38;5;37;48;5;30m░[38;5;37;48;5;37m░[38;5;16;48;5;16m▓[38;5;16;48;5;16m▓[38;5;16;48;5;16m▓[38;5;16;48;5;16m▓[38;5;16;48;5;16m▓[38;5;16;48;5;16m▓[38;5;16;48;5;16m▓[38;5;16;48;5;16m▓[38;5;16;48;5;16m▓[38;5;16;48;5;16m▓[38;5;16;48;5;16m▓[38;5;16;48;5;16m▓[0m
[38;5;16;48;5;16m▓[38;5;16;48;5;16m▓[38;5;16;48;5;16m▓[38;5;16;48;5;16m▓[38;5;16;48;5;16m▓[38;5;16;48;5;16m▓[38;5;16;48;5;16m▓[38;5;16;48;5;16m▓[38;5;16;48;5;16m▓[38;5;16;48;5;16m▓[38;5;16;48;5;16m▓[38;5;16;48;5;16m▓[38;5;16;48;5;16m▓[38;5;16;48;5;16m▓[38;5;16;48;5;16m▓[38;5;16;48;5;16m▓[38;5;16;48;5;16m▓[38;5;17;48;5;233m [38;5;141;48;5;17m░[38;5;135;48;5;54m░[38;5;93;48;5;54m░[38;5;135;48;5;54m░[38;5;99;48;5;233m [38;5;16;48;5;16m▓[38;5;17;48;5;16m [38;5;17;48;5;16m [38;5;17;48;5;232m [38;5;57;48;5;17m [38;5;135;48;5;54m [38;5;135;48;5;54m [38;5;99;48;5;233m [38;5;99;48;5;17m [38;5;17;48;5;232m [38;5;17;48;5;16m [38;5;16;48;5;16m▓[38;5;16;48;5;16m▓[38;5;16;48;5;16m▓[38;5;16;48;5;16m▓[38;5;16;48;5;16m▓[38;5;16;48;5;16m▓[38;5;16;48;5;16m▓[38;5;16;48;5;16m▓[38;5;16;48;5;16m▓[38;5;16;48;5;16m▓[38;5;16;48;5;16m▓[38;5;16;48;5;16m▓[38;5;26;48;5;234m [38;5;38;48;5;45m░[38;5;45;48;5;45m [38;5;51;48;5;51m [38;5;31;48;5;30m▒[38;5;17;48;5;16m [38;5;16;48;5;16m▓[38;5;16;48;5;16m▓[38;5;16;48;5;16m▓[38;5;16;48;5;16m▓[38;5;16;48;5;16m▓[38;5;16;48;5;16m▓[38;5;17;48;5;232m [38;5;31;48;5;31m░[38;5;81;48;5;31m [38;5;38;48;5;31m [38;5;81;48;5;16m [38;5;16;48;5;16m▓[38;5;16;48;5;16m▓[38;5;16;48;5;16m▓[38;5;16;48;5;16m▓[38;5;16;48;5;16m▓[38;5;16;48;5;16m▓[38;5;16;48;5;16m▓[38;5;16;48;5;16m▓[38;5;16;48;5;16m▓[38;5;16;48;5;16m▓[38;5;16;48;5;16m▓[38;5;16;48;5;16m▓[38;5;16;48;5;16m▓[38;5;16;48;5;16m▓[38;5;16;48;5;16m▓[38;5;16;48;5;16m▓[38;5;16;48;5;16m▓[0m
[38;5;16;48;5;16m▓[38;5;16;48;5;16m▓[38;5;16;48;5;16m▓[38;5;16;48;5;16m▓[38;5;16;48;5;16m▓[38;5;16;48;5;16m▓[38;5;16;48;5;16m▓[38;5;17;48;5;17m [38;5;16;48;5;16m▓[38;5;16;48;5;16m▓[38;5;16;48;5;16m▓[38;5;16;48;5;16m▓[38;5;16;48;5;16m▓[38;5;16;48;5;16m▓[38;5;16;48;5;16m▓[38;5;16;48;5;16m▓[38;5;16;48;5;16m▓[38;5;16;48;5;16m▓[38;5;92;48;5;97m▒[38;5;135;48;5;53m [38;5;56;48;5;54m [38;5;99;48;5;17m [38;5;16;48;5;16m▓[38;5;17;48;5;16m [38;5;17;48;5;232m [38;5;17;48;5;232m [38;5;99;48;5;233m [38;5;17;48;5;232m [38;5;99;48;5;233m [38;5;93;48;5;54m [38;5;135;48;5;54m░[38;5;141;48;5;17m [38;5;99;48;5;17m [38;5;99;48;5;17m [38;5;17;48;5;17m [38;5;17;48;5;232m [38;5;17;48;5;232m [38;5;16;48;5;16m▓[38;5;16;48;5;16m▓[38;5;16;48;5;16m▓[38;5;17;48;5;16m [38;5;17;48;5;16m [38;5;17;48;5;16m [38;5;16;48;5;16m▓[38;5;17;48;5;232m [38;5;16;48;5;16m▓[38;5;16;48;5;16m▓[38;5;81;48;5;31m░[38;5;31;48;5;38m [38;5;45;48;5;45m [38;5;45;48;5;44m░[38;5;17;48;5;16m [38;5;16;48;5;16m▓[38;5;16;48;5;16m▓[38;5;17;48;5;16m [38;5;16;48;5;16m▓[38;5;69;48;5;232m [38;5;16;48;5;16m▓[38;5;16;48;5;16m▓[38;5;69;48;5;233m [38;5;39;48;5;24m [38;5;81;48;5;24m [38;5;38;48;5;74m▒[38;5;16;48;5;16m▓[38;5;16;48;5;16m▓[38;5;16;48;5;16m▓[38;5;45;48;5;23m▒[38;5;16;48;5;16m▓[38;5;16;48;5;16m▓[38;5;16;48;5;16m▓[38;5;16;48;5;16m▓[38;5;16;48;5;16m▓[38;5;16;48;5;16m▓[38;5;6;48;5;23m░[38;5;80;48;5;36m▒[38;5;16;48;5;16m▓[38;5;16;48;5;16m▓[38;5;16;48;5;16m▓[38;5;16;48;5;16m▓[38;5;16;48;5;16m▓[0m
[38;5;16;48;5;16m▓[38;5;16;48;5;16m▓[38;5;16;48;5;16m▓[38;5;16;48;5;16m▓[38;5;16;48;5;16m▓[38;5;16;48;5;16m▓[38;5;16;48;5;16m▓[38;5;16;48;5;16m▓[38;5;61;48;5;235m▓[38;5;16;48;5;16m▓[38;5;16;48;5;16m▓[38;5;16;48;5;16m▓[38;5;16;48;5;16m▓[38;5;16;48;5;16m▓[38;5;16;48;5;16m▓[38;5;16;48;5;16m▓[38;5;16;48;5;16m▓[38;5;16;48;5;16m▓[38;5;135;48;5;17m [38;5;57;48;5;17m [38;5;57;48;5;17m [38;5;99;48;5;233m [38;5;16;48;5;16m▓[38;5;17;48;5;232m [38;5;17;48;5;232m [38;5;57;48;5;234m [38;5;57;48;5;17m [38;5;56;48;5;53m [38;5;55;48;5;55m░[38;5;92;48;5;91m░[38;5;57;48;5;54m [38;5;99;48;5;17m [38;5;99;48;5;17m [38;5;17;48;5;232m [38;5;17;48;5;232m [38;5;17;48;5;16m [38;5;17;48;5;16m [38;5;17;48;5;16m [38;5;17;48;5;232m [38;5;17;48;5;232m [38;5;17;48;5;232m [38;5;17;48;5;232m [38;5;17;48;5;232m [38;5;17;48;5;16m [38;5;17;48;5;16m [38;5;17;48;5;16m [38;5;69;48;5;233m [38;5;117;48;5;24m [38;5;39;48;5;24m [38;5;24;48;5;31m [38;5;39;48;5;235m [38;5;16;48;5;16m▓[38;5;16;48;5;16m▓[38;5;17;48;5;16m [38;5;39;48;5;23m░[38;5;24;48;5;24m [38;5;27;48;5;233m [38;5;17;48;5;16m [38;5;16;48;5;16m▓[38;5;69;48;5;233m [38;5;31;48;5;24m [38;5;24;48;5;24m [38;5;81;48;5;31m [38;5;16;48;5;16m▓[38;5;16;48;5;16m▓[38;5;16;48;5;16m▓[38;5;16;48;5;16m▓[38;5;16;48;5;16m▓[38;5;16;48;5;16m▓[38;5;16;48;5;16m▓[38;5;16;48;5;16m▓[38;5;16;48;5;16m▓[38;5;16;48;5;16m▓[38;5;50;48;5;234m [38;5;16;48;5;16m▓[38;5;16;48;5;16m▓[38;5;16;48;5;16m▓[38;5;16;48;5;16m▓[38;5;16;48;5;16m▓[38;5;16;48;5;16m▓[0m
[38;5;16;48;5;16m▓[38;5;16;48;5;16m▓[38;5;16;48;5;16m▓[38;5;16;48;5;16m▓[38;5;16;48;5;16m▓[38;5;16;48;5;16m▓[38;5;16;48;5;16m▓[38;5;16;48;5;16m▓[38;5;16;48;5;16m▓[38;5;17;48;5;16m [38;5;141;48;5;17m [38;5;16;48;5;16m▓[38;5;16;48;5;16m▓[38;5;16;48;5;16m▓[38;5;16;48;5;16m▓[38;5;16;48;5;16m▓[38;5;16;48;5;16m▓[38;5;16;48;5;16m▓[38;5;99;48;5;17m [38;5;99;48;5;17m [38;5;99;48;5;17m [38;5;99;48;5;17m [38;5;17;48;5;16m [38;5;17;48;5;232m [38;5;99;48;5;17m [38;5;55;48;5;55m▒[38;5;55;48;5;54m [38;5;93;48;5;92m░[38;5;141;48;5;17m [38;5;141;48;5;17m [38;5;17;48;5;233m [38;5;99;48;5;17m [38;5;57;48;5;17m [38;5;56;48;5;17m [38;5;56;48;5;17m [38;5;57;48;5;17m [38;5;141;48;5;17m [38;5;99;48;5;17m░[38;5;99;48;5;17m░[38;5;17;48;5;17m░[38;5;17;48;5;17m░[38;5;69;48;5;17m [38;5;111;48;5;17m [38;5;27;48;5;17m [38;5;33;48;5;23m [38;5;33;48;5;23m [38;5;25;48;5;23m [38;5;39;48;5;24m [38;5;32;48;5;24m [38;5;117;48;5;234m [38;5;16;48;5;16m▓[38;5;17;48;5;16m [38;5;17;48;5;232m [38;5;17;48;5;232m [38;5;17;48;5;232m [38;5;32;48;5;235m [38;5;111;48;5;233m [38;5;17;48;5;232m [38;5;16;48;5;16m▓[38;5;16;48;5;16m▓[38;5;45;48;5;232m [38;5;69;48;5;232m [38;5;17;48;5;232m [38;5;16;48;5;16m▓[38;5;16;48;5;16m▓[38;5;16;48;5;16m▓[38;5;16;48;5;16m▓[38;5;16;48;5;16m▓[38;5;16;48;5;16m▓[38;5;16;48;5;16m▓[38;5;17;48;5;232m [38;5;16;48;5;16m▓[38;5;16;48;5;16m▓[38;5;16;48;5;16m▓[38;5;16;48;5;16m▓[38;5;16;48;5;16m▓[38;5;16;48;5;16m▓[38;5;16;48;5;16m▓[38;5;16;48;5;16m▓[38;5;16;48;5;16m▓[0m
[38;5;16;48;5;16m▓[38;5;16;48;5;16m▓[38;5;16;48;5;16m▓[38;5;16;48;5;16m▓[38;5;16;48;5;16m▓[38;5;16;48;5;16m▓[38;5;16;48;5;16m▓[38;5;16;48;5;16m▓[38;5;16;48;5;16m▓[38;5;16;48;5;16m▓[38;5;16;48;5;16m▓[38;5;16;48;5;16m▓[38;5;16;48;5;16m▓[38;5;16;48;5;16m▓[38;5;99;48;5;233m░[38;5;61;48;5;235m▓[38;5;99;48;5;234m▒[38;5;17;48;5;232m [38;5;99;48;5;17m [38;5;99;48;5;17m [38;5;141;48;5;17m [38;5;99;48;5;17m [38;5;17;48;5;16m [38;5;17;48;5;232m [38;5;99;48;5;17m [38;5;141;48;5;17m [38;5;55;48;5;92m░[38;5;129;48;5;134m▒[38;5;17;48;5;233m [38;5;17;48;5;232m [38;5;17;48;5;16m [38;5;17;48;5;232m [38;5;99;48;5;17m [38;5;99;48;5;17m [38;5;99;48;5;17m [38;5;17;48;5;17m [38;5;17;48;5;17m [38;5;17;48;5;17m [38;5;17;48;5;17m [38;5;17;48;5;17m [38;5;69;48;5;17m [38;5;111;48;5;17m░[38;5;26;48;5;17m [38;5;75;48;5;23m [38;5;33;48;5;24m [38;5;32;48;5;24m [38;5;81;48;5;24m [38;5;32;48;5;234m [38;5;16;48;5;16m▓[38;5;16;48;5;16m▓[38;5;69;48;5;232m [38;5;25;48;5;17m [38;5;33;48;5;17m [38;5;24;48;5;31m░[38;5;31;48;5;24m [38;5;111;48;5;232m [38;5;17;48;5;16m [38;5;16;48;5;16m▓[38;5;16;48;5;16m▓[38;5;27;48;5;233m [38;5;45;48;5;6m [38;5;38;48;5;6m [38;5;31;48;5;24m [38;5;25;48;5;233m [38;5;45;48;5;23m [38;5;31;48;5;23m░[38;5;45;48;5;23m░[38;5;16;48;5;16m▓[38;5;16;48;5;16m▓[38;5;16;48;5;16m▓[38;5;16;48;5;16m▓[38;5;16;48;5;16m▓[38;5;16;48;5;16m▓[38;5;16;48;5;16m▓[38;5;16;48;5;16m▓[38;5;16;48;5;16m▓[38;5;16;48;5;16m▓[38;5;16;48;5;16m▓[38;5;16;48;5;16m▓[38;5;16;48;5;16m▓[0m
[38;5;16;48;5;16m▓[38;5;16;48;5;16m▓[38;5;16;48;5;16m▓[38;5;16;48;5;16m▓[38;5;16;48;5;16m▓[38;5;16;48;5;16m▓[38;5;16;48;5;16m▓[38;5;16;48;5;16m▓[38;5;16;48;5;16m▓[38;5;17;48;5;232m [38;5;129;48;5;234m [38;5;57;48;5;233m [38;5;141;48;5;232m [38;5;17;48;5;232m [38;5;17;48;5;232m [38;5;17;48;5;16m [38;5;17;48;5;16m [38;5;17;48;5;16m [38;5;99;48;5;17m [38;5;141;48;5;233m [38;5;57;48;5;17m [38;5;99;48;5;17m [38;5;16;48;5;16m▓[38;5;17;48;5;16m [38;5;17;48;5;232m [38;5;141;48;5;17m [38;5;17;48;5;16m [38;5;17;48;5;17m [38;5;17;48;5;232m [38;5;17;48;5;16m [38;5;16;48;5;16m▓[38;5;17;48;5;16m [38;5;99;48;5;17m [38;5;99;48;5;17m [38;5;99;48;5;17m [38;5;16;48;5;16m▓[38;5;16;48;5;16m▓[38;5;16;48;5;16m▓[38;5;16;48;5;16m▓[38;5;17;48;5;16m [38;5;69;48;5;17m░[38;5;27;48;5;17m░[38;5;26;48;5;23m [38;5;75;48;5;23m [38;5;32;48;5;67m▒[38;5;16;48;5;16m▓[38;5;16;48;5;16m▓[38;5;16;48;5;16m▓[38;5;25;48;5;233m [38;5;69;48;5;232m [38;5;33;48;5;233m [38;5;81;48;5;23m [38;5;45;48;5;45m [38;5;111;48;5;232m [38;5;17;48;5;232m [38;5;16;48;5;16m▓[38;5;16;48;5;16m▓[38;5;16;48;5;16m▓[38;5;16;48;5;16m▓[38;5;27;48;5;234m [38;5;117;48;5;23m [38;5;32;48;5;23m [38;5;117;48;5;23m [38;5;75;48;5;232m [38;5;17;48;5;232m [38;5;32;48;5;232m [38;5;45;48;5;233m [38;5;117;48;5;233m [38;5;33;48;5;233m [38;5;117;48;5;233m [38;5;25;48;5;23m [38;5;23;48;5;235m [38;5;16;48;5;16m▓[38;5;16;48;5;16m▓[38;5;16;48;5;16m▓[38;5;16;48;5;16m▓[38;5;16;48;5;16m▓[38;5;16;48;5;16m▓[38;5;16;48;5;16m▓[38;5;16;48;5;16m▓[0m
[38;5;16;48;5;16m▓[38;5;16;48;5;16m▓[38;5;16;48;5;16m▓[38;5;16;48;5;16m▓[38;5;16;48;5;16m▓[38;5;16;48;5;16m▓[38;5;16;48;5;16m▓[38;5;16;48;5;16m▓[38;5;16;48;5;16m▓[38;5;16;48;5;16m▓[38;5;16;48;5;16m▓[38;5;16;48;5;16m▓[38;5;16;48;5;16m▓[38;5;16;48;5;16m▓[38;5;16;48;5;16m▓[38;5;16;48;5;16m▓[38;5;16;48;5;16m▓[38;5;17;48;5;16m [38;5;17;48;5;232m [38;5;99;48;5;233m [38;5;99;48;5;233m [38;5;57;48;5;60m▒[38;5;99;48;5;17m░[38;5;16;48;5;16m▓[38;5;17;48;5;16m [38;5;17;48;5;232m [38;5;17;48;5;232m [38;5;17;48;5;232m [38;5;93;48;5;54m░[38;5;16;48;5;16m▓[38;5;16;48;5;16m▓[38;5;17;48;5;16m [38;5;99;48;5;17m [38;5;99;48;5;17m░[38;5;99;48;5;17m░[38;5;16;48;5;16m▓[38;5;16;48;5;16m▓[38;5;16;48;5;16m▓[38;5;16;48;5;16m▓[38;5;16;48;5;16m▓[38;5;16;48;5;16m▓[38;5;17;48;5;232m [38;5;75;48;5;24m [38;5;25;48;5;25m [38;5;39;48;5;31m [38;5;24;48;5;31m [38;5;31;48;5;6m░[38;5;17;48;5;16m [38;5;17;48;5;232m [38;5;25;48;5;234m [38;5;81;48;5;31m [38;5;25;48;5;17m [38;5;117;48;5;235m [38;5;69;48;5;233m [38;5;27;48;5;232m [38;5;26;48;5;233m [38;5;16;48;5;16m▓[38;5;16;48;5;16m▓[38;5;45;48;5;234m [38;5;31;48;5;24m [38;5;25;48;5;23m [38;5;32;48;5;23m [38;5;17;48;5;16m [38;5;16;48;5;16m▓[38;5;16;48;5;16m▓[38;5;16;48;5;16m▓[38;5;45;48;5;23m░[38;5;16;48;5;16m▓[38;5;16;48;5;16m▓[38;5;16;48;5;16m▓[38;5;16;48;5;16m▓[38;5;16;48;5;16m▓[38;5;16;48;5;16m▓[38;5;16;48;5;16m▓[38;5;16;48;5;16m▓[38;5;16;48;5;16m▓[38;5;16;48;5;16m▓[38;5;16;48;5;16m▓[38;5;16;48;5;16m▓[38;5;16;48;5;16m▓[0m
[38;5;16;48;5;16m▓[38;5;16;48;5;16m▓[38;5;16;48;5;16m▓[38;5;16;48;5;16m▓[38;5;16;48;5;16m▓[38;5;16;48;5;16m▓[38;5;16;48;5;16m▓[38;5;16;48;5;16m▓[38;5;16;48;5;16m▓[38;5;16;48;5;16m▓[38;5;16;48;5;16m▓[38;5;16;48;5;16m▓[38;5;16;48;5;16m▓[38;5;16;48;5;16m▓[38;5;16;48;5;16m▓[38;5;16;48;5;16m▓[38;5;16;48;5;16m▓[38;5;16;48;5;16m▓[38;5;16;48;5;16m▓[38;5;141;48;5;233m [38;5;99;48;5;233m [38;5;99;48;5;17m [38;5;141;48;5;4m [38;5;99;48;5;233m [38;5;16;48;5;16m▓[38;5;17;48;5;16m [38;5;17;48;5;16m [38;5;16;48;5;16m▓[38;5;16;48;5;16m▓[38;5;17;48;5;16m [38;5;17;48;5;16m [38;5;17;48;5;16m [38;5;99;48;5;17m [38;5;99;48;5;17m░[38;5;99;48;5;4m░[38;5;16;48;5;16m▓[38;5;16;48;5;16m▓[38;5;16;48;5;16m▓[38;5;17;48;5;16m [38;5;17;48;5;16m [38;5;17;48;5;16m [38;5;16;48;5;16m▓[38;5;16;48;5;16m▓[38;5;33;48;5;234m [38;5;39;48;5;31m [38;5;81;48;5;31m [38;5;45;48;5;45m [38;5;51;48;5;51m [38;5;81;48;5;23m [38;5;81;48;5;235m [38;5;33;48;5;234m [38;5;33;48;5;234m [38;5;69;48;5;233m [38;5;117;48;5;235m [38;5;17;48;5;232m [38;5;16;48;5;16m▓[38;5;16;48;5;16m▓[38;5;17;48;5;16m [38;5;117;48;5;23m [38;5;25;48;5;17m [38;5;25;48;5;235m [38;5;32;48;5;23m [38;5;16;48;5;16m▓[38;5;16;48;5;16m▓[38;5;16;48;5;16m▓[38;5;16;48;5;16m▓[38;5;16;48;5;16m▓[38;5;16;48;5;16m▓[38;5;16;48;5;16m▓[38;5;16;48;5;16m▓[38;5;16;48;5;16m▓[38;5;16;48;5;16m▓[38;5;16;48;5;16m▓[38;5;16;48;5;16m▓[38;5;16;48;5;16m▓[38;5;16;48;5;16m▓[38;5;16;48;5;16m▓[38;5;16;48;5;16m▓[38;5;16;48;5;16m▓[38;5;16;48;5;16m▓[0m
[38;5;16;48;5;16m▓[38;5;16;48;5;16m▓[38;5;16;48;5;16m▓[38;5;16;48;5;16m▓[38;5;16;48;5;16m▓[38;5;16;48;5;16m▓[38;5;16;48;5;16m▓[38;5;16;48;5;16m▓[38;5;16;48;5;16m▓[38;5;16;48;5;16m▓[38;5;16;48;5;16m▓[38;5;16;48;5;16m▓[38;5;16;48;5;16m▓[38;5;16;48;5;16m▓[38;5;16;48;5;16m▓[38;5;16;48;5;16m▓[38;5;16;48;5;16m▓[38;5;16;48;5;16m▓[38;5;16;48;5;16m▓[38;5;16;48;5;16m▓[38;5;99;48;5;233m [38;5;99;48;5;233m [38;5;99;48;5;17m [38;5;57;48;5;55m░[38;5;98;48;5;17m░[38;5;16;48;5;16m▓[38;5;17;48;5;16m [38;5;16;48;5;16m▓[38;5;16;48;5;16m▓[38;5;17;48;5;16m [38;5;16;48;5;16m▓[38;5;16;48;5;16m▓[38;5;17;48;5;233m░[38;5;17;48;5;17m [38;5;17;48;5;17m░[38;5;17;48;5;16m [38;5;17;48;5;16m [38;5;16;48;5;16m▓[38;5;17;48;5;16m [38;5;17;48;5;232m [38;5;17;48;5;16m [38;5;17;48;5;232m [38;5;17;48;5;16m [38;5;16;48;5;16m▓[38;5;16;48;5;16m▓[38;5;32;48;5;235m [38;5;31;48;5;31m [38;5;38;48;5;38m [38;5;38;48;5;38m [38;5;45;48;5;44m [38;5;117;48;5;23m [38;5;26;48;5;232m [38;5;17;48;5;232m [38;5;16;48;5;16m▓[38;5;16;48;5;16m▓[38;5;16;48;5;16m▓[38;5;17;48;5;16m [38;5;32;48;5;24m [38;5;33;48;5;234m [38;5;75;48;5;234m [38;5;33;48;5;234m [38;5;16;48;5;16m▓[38;5;16;48;5;16m▓[38;5;16;48;5;16m▓[38;5;16;48;5;16m▓[38;5;16;48;5;16m▓[38;5;16;48;5;16m▓[38;5;16;48;5;16m▓[38;5;16;48;5;16m▓[38;5;16;48;5;16m▓[38;5;16;48;5;16m▓[38;5;16;48;5;16m▓[38;5;16;48;5;16m▓[38;5;16;48;5;16m▓[38;5;16;48;5;16m▓[38;5;16;48;5;16m▓[38;5;16;48;5;16m▓[38;5;16;48;5;16m▓[38;5;16;48;5;16m▓[38;5;16;48;5;16m▓[0m
[38;5;16;48;5;16m▓[38;5;16;48;5;16m▓[38;5;16;48;5;16m▓[38;5;16;48;5;16m▓[38;5;16;48;5;16m▓[38;5;16;48;5;16m▓[38;5;16;48;5;16m▓[38;5;16;48;5;16m▓[38;5;16;48;5;16m▓[38;5;16;48;5;16m▓[38;5;16;48;5;16m▓[38;5;16;48;5;16m▓[38;5;16;48;5;16m▓[38;5;16;48;5;16m▓[38;5;16;48;5;16m▓[38;5;16;48;5;16m▓[38;5;16;48;5;16m▓[38;5;16;48;5;16m▓[38;5;16;48;5;16m▓[38;5;16;48;5;16m▓[38;5;16;48;5;16m▓[38;5;99;48;5;233m [38;5;17;48;5;233m [38;5;99;48;5;233m [38;5;56;48;5;141m░[38;5;57;48;5;55m▒[38;5;16;48;5;16m▓[38;5;16;48;5;16m▓[38;5;16;48;5;16m▓[38;5;16;48;5;16m▓[38;5;16;48;5;16m▓[38;5;16;48;5;16m▓[38;5;16;48;5;16m▓[38;5;16;48;5;16m▓[38;5;62;48;5;17m▒[38;5;16;48;5;16m▓[38;5;17;48;5;232m [38;5;17;48;5;232m [38;5;17;48;5;232m [38;5;17;48;5;232m [38;5;17;48;5;16m [38;5;117;48;5;23m [38;5;26;48;5;17m [38;5;75;48;5;17m [38;5;25;48;5;234m [38;5;16;48;5;16m▓[38;5;16;48;5;16m▓[38;5;32;48;5;234m [38;5;24;48;5;24m [38;5;39;48;5;24m [38;5;39;48;5;24m [38;5;81;48;5;31m [38;5;27;48;5;233m [38;5;16;48;5;16m▓[38;5;16;48;5;16m▓[38;5;32;48;5;23m [38;5;24;48;5;74m▒[38;5;26;48;5;234m [38;5;33;48;5;233m [38;5;25;48;5;234m [38;5;16;48;5;16m▓[38;5;16;48;5;16m▓[38;5;16;48;5;16m▓[38;5;16;48;5;16m▓[38;5;16;48;5;16m▓[38;5;16;48;5;16m▓[38;5;16;48;5;16m▓[38;5;16;48;5;16m▓[38;5;16;48;5;16m▓[38;5;16;48;5;16m▓[38;5;16;48;5;16m▓[38;5;16;48;5;16m▓[38;5;16;48;5;16m▓[38;5;16;48;5;16m▓[38;5;16;48;5;16m▓[38;5;16;48;5;16m▓[38;5;16;48;5;16m▓[38;5;16;48;5;16m▓[38;5;16;48;5;16m▓[38;5;16;48;5;16m▓[0m
[38;5;16;48;5;16m▓[38;5;16;48;5;16m▓[38;5;16;48;5;16m▓[38;5;16;48;5;16m▓[38;5;16;48;5;16m▓[38;5;16;48;5;16m▓[38;5;16;48;5;16m▓[38;5;16;48;5;16m▓[38;5;16;48;5;16m▓[38;5;16;48;5;16m▓[38;5;16;48;5;16m▓[38;5;16;48;5;16m▓[38;5;16;48;5;16m▓[38;5;16;48;5;16m▓[38;5;16;48;5;16m▓[38;5;16;48;5;16m▓[38;5;16;48;5;16m▓[38;5;16;48;5;16m▓[38;5;16;48;5;16m▓[38;5;16;48;5;16m▓[38;5;16;48;5;16m▓[38;5;16;48;5;16m▓[38;5;17;48;5;16m [38;5;99;48;5;233m [38;5;17;48;5;233m [38;5;56;48;5;17m [38;5;56;48;5;98m░[38;5;98;48;5;61m▒[38;5;16;48;5;16m▓[38;5;16;48;5;16m▓[38;5;16;48;5;16m▓[38;5;16;48;5;16m▓[38;5;16;48;5;16m▓[38;5;17;48;5;16m [38;5;17;48;5;16m [38;5;17;48;5;232m [38;5;17;48;5;232m [38;5;17;48;5;232m [38;5;17;48;5;232m [38;5;69;48;5;17m [38;5;33;48;5;24m [38;5;39;48;5;25m [38;5;17;48;5;16m [38;5;17;48;5;232m [38;5;16;48;5;16m▓[38;5;16;48;5;16m▓[38;5;16;48;5;16m▓[38;5;16;48;5;16m▓[38;5;16;48;5;16m▓[38;5;16;48;5;16m▓[38;5;16;48;5;16m▓[38;5;16;48;5;16m▓[38;5;16;48;5;16m▓[38;5;39;48;5;234m [38;5;31;48;5;31m [38;5;26;48;5;234m [38;5;26;48;5;233m [38;5;25;48;5;234m [38;5;111;48;5;233m [38;5;16;48;5;16m▓[38;5;16;48;5;16m▓[38;5;16;48;5;16m▓[38;5;16;48;5;16m▓[38;5;16;48;5;16m▓[38;5;16;48;5;16m▓[38;5;16;48;5;16m▓[38;5;16;48;5;16m▓[38;5;16;48;5;16m▓[38;5;16;48;5;16m▓[38;5;16;48;5;16m▓[38;5;16;48;5;16m▓[38;5;16;48;5;16m▓[38;5;16;48;5;16m▓[38;5;16;48;5;16m▓[38;5;16;48;5;16m▓[38;5;16;48;5;16m▓[38;5;16;48;5;16m▓[38;5;16;48;5;16m▓[38;5;16;48;5;16m▓[38;5;16;48;5;16m▓[0m
[38;5;16;48;5;16m▓[38;5;16;48;5;16m▓[38;5;16;48;5;16m▓[38;5;16;48;5;16m▓[38;5;16;48;5;16m▓[38;5;16;48;5;16m▓[38;5;16;48;5;16m▓[38;5;16;48;5;16m▓[38;5;16;48;5;16m▓[38;5;16;48;5;16m▓[38;5;16;48;5;16m▓[38;5;16;48;5;16m▓[38;5;16;48;5;16m▓[38;5;16;48;5;16m▓[38;5;16;48;5;16m▓[38;5;16;48;5;16m▓[38;5;16;48;5;16m▓[38;5;16;48;5;16m▓[38;5;16;48;5;16m▓[38;5;16;48;5;16m▓[38;5;16;48;5;16m▓[38;5;16;48;5;16m▓[38;5;16;48;5;16m▓[38;5;16;48;5;16m▓[38;5;98;48;5;234m░[38;5;17;48;5;233m [38;5;17;48;5;232m [38;5;17;48;5;233m [38;5;98;48;5;61m▒[38;5;99;48;5;54m░[38;5;16;48;5;16m▓[38;5;16;48;5;16m▓[38;5;16;48;5;16m▓[38;5;16;48;5;16m▓[38;5;16;48;5;16m▓[38;5;16;48;5;16m▓[38;5;17;48;5;16m [38;5;17;48;5;232m [38;5;17;48;5;233m [38;5;69;48;5;233m [38;5;69;48;5;233m [38;5;17;48;5;232m [38;5;17;48;5;16m [38;5;16;48;5;16m▓[38;5;16;48;5;16m▓[38;5;16;48;5;16m▓[38;5;16;48;5;16m▓[38;5;16;48;5;16m▓[38;5;16;48;5;16m▓[38;5;16;48;5;16m▓[38;5;16;48;5;16m▓[38;5;25;48;5;23m [38;5;45;48;5;31m [38;5;33;48;5;234m [38;5;69;48;5;233m [38;5;25;48;5;234m [38;5;39;48;5;235m [38;5;16;48;5;16m▓[38;5;16;48;5;16m▓[38;5;16;48;5;16m▓[38;5;16;48;5;16m▓[38;5;16;48;5;16m▓[38;5;16;48;5;16m▓[38;5;16;48;5;16m▓[38;5;16;48;5;16m▓[38;5;16;48;5;16m▓[38;5;16;48;5;16m▓[38;5;16;48;5;16m▓[38;5;16;48;5;16m▓[38;5;16;48;5;16m▓[38;5;16;48;5;16m▓[38;5;16;48;5;16m▓[38;5;16;48;5;16m▓[38;5;16;48;5;16m▓[38;5;16;48;5;16m▓[38;5;16;48;5;16m▓[38;5;16;48;5;16m▓[38;5;16;48;5;16m▓[38;5;16;48;5;16m▓[38;5;16;48;5;16m▓[0m
[38;5;16;48;5;16m▓[38;5;16;48;5;16m▓[38;5;16;48;5;16m▓[38;5;16;48;5;16m▓[38;5;16;48;5;16m▓[38;5;16;48;5;16m▓[38;5;16;48;5;16m▓[38;5;16;48;5;16m▓[38;5;16;48;5;16m▓[38;5;16;48;5;16m▓[38;5;16;48;5;16m▓[38;5;16;48;5;16m▓[38;5;16;48;5;16m▓[38;5;16;48;5;16m▓[38;5;16;48;5;16m▓[38;5;16;48;5;16m▓[38;5;16;48;5;16m▓[38;5;16;48;5;16m▓[38;5;16;48;5;16m▓[38;5;16;48;5;16m▓[38;5;16;48;5;16m▓[38;5;16;48;5;16m▓[38;5;16;48;5;16m▓[38;5;16;48;5;16m▓[38;5;16;48;5;16m▓[38;5;16;48;5;16m▓[38;5;17;48;5;232m [38;5;17;48;5;233m [38;5;17;48;5;232m [38;5;17;48;5;233m [38;5;17;48;5;232m [38;5;99;48;5;61m▒[38;5;4;48;5;4m░[38;5;62;48;5;17m▒[38;5;17;48;5;16m [38;5;16;48;5;16m▓[38;5;17;48;5;16m [38;5;17;48;5;16m [38;5;17;48;5;16m [38;5;16;48;5;16m▓[38;5;16;48;5;16m▓[38;5;16;48;5;16m▓[38;5;16;48;5;16m▓[38;5;16;48;5;16m▓[38;5;16;48;5;16m▓[38;5;16;48;5;16m▓[38;5;16;48;5;16m▓[38;5;45;48;5;23m [38;5;32;48;5;25m [38;5;45;48;5;31m [38;5;69;48;5;233m [38;5;33;48;5;233m [38;5;33;48;5;233m [38;5;26;48;5;234m [38;5;32;48;5;236m▒[38;5;16;48;5;16m▓[38;5;16;48;5;16m▓[38;5;16;48;5;16m▓[38;5;16;48;5;16m▓[38;5;16;48;5;16m▓[38;5;16;48;5;16m▓[38;5;16;48;5;16m▓[38;5;16;48;5;16m▓[38;5;16;48;5;16m▓[38;5;16;48;5;16m▓[38;5;16;48;5;16m▓[38;5;16;48;5;16m▓[38;5;16;48;5;16m▓[38;5;16;48;5;16m▓[38;5;16;48;5;16m▓[38;5;16;48;5;16m▓[38;5;16;48;5;16m▓[38;5;16;48;5;16m▓[38;5;16;48;5;16m▓[38;5;16;48;5;16m▓[38;5;16;48;5;16m▓[38;5;16;48;5;16m▓[38;5;16;48;5;16m▓[38;5;16;48;5;16m▓[38;5;16;48;5;16m▓[0m
[38;5;16;48;5;16m▓[38;5;16;48;5;16m▓[38;5;16;48;5;16m▓[38;5;16;48;5;16m▓[38;5;16;48;5;16m▓[38;5;16;48;5;16m▓[38;5;16;48;5;16m▓[38;5;16;48;5;16m▓[38;5;16;48;5;16m▓[38;5;16;48;5;16m▓[38;5;16;48;5;16m▓[38;5;16;48;5;16m▓[38;5;16;48;5;16m▓[38;5;16;48;5;16m▓[38;5;16;48;5;16m▓[38;5;16;48;5;16m▓[38;5;16;48;5;16m▓[38;5;16;48;5;16m▓[38;5;16;48;5;16m▓[38;5;16;48;5;16m▓[38;5;16;48;5;16m▓[38;5;16;48;5;16m▓[38;5;16;48;5;16m▓[38;5;16;48;5;16m▓[38;5;16;48;5;16m▓[38;5;16;48;5;16m▓[38;5;16;48;5;16m▓[38;5;16;48;5;16m▓[38;5;16;48;5;16m▓[38;5;17;48;5;232m [38;5;17;48;5;233m [38;5;17;48;5;233m [38;5;17;48;5;232m [38;5;17;48;5;232m [38;5;17;48;5;232m [38;5;17;48;5;233m [38;5;69;48;5;17m░[38;5;69;48;5;60m▒[38;5;111;48;5;17m [38;5;69;48;5;17m [38;5;111;48;5;17m░[38;5;27;48;5;17m [38;5;26;48;5;23m [38;5;81;48;5;31m▒[38;5;39;48;5;23m [38;5;111;48;5;234m [38;5;27;48;5;233m [38;5;111;48;5;233m [38;5;27;48;5;233m [38;5;27;48;5;234m [38;5;26;48;5;234m [38;5;38;48;5;235m [38;5;16;48;5;16m▓[38;5;16;48;5;16m▓[38;5;16;48;5;16m▓[38;5;16;48;5;16m▓[38;5;16;48;5;16m▓[38;5;16;48;5;16m▓[38;5;16;48;5;16m▓[38;5;16;48;5;16m▓[38;5;16;48;5;16m▓[38;5;16;48;5;16m▓[38;5;16;48;5;16m▓[38;5;16;48;5;16m▓[38;5;16;48;5;16m▓[38;5;16;48;5;16m▓[38;5;16;48;5;16m▓[38;5;16;48;5;16m▓[38;5;16;48;5;16m▓[38;5;16;48;5;16m▓[38;5;16;48;5;16m▓[38;5;16;48;5;16m▓[38;5;16;48;5;16m▓[38;5;16;48;5;16m▓[38;5;16;48;5;16m▓[38;5;16;48;5;16m▓[38;5;16;48;5;16m▓[38;5;16;48;5;16m▓[38;5;16;48;5;16m▓[38;5;16;48;5;16m▓[0m
[38;5;16;48;5;16m▓[38;5;16;48;5;16m▓[38;5;16;48;5;16m▓[38;5;16;48;5;16m▓[38;5;16;48;5;16m▓[38;5;16;48;5;16m▓[38;5;16;48;5;16m▓[38;5;16;48;5;16m▓[38;5;16;48;5;16m▓[38;5;16;48;5;16m▓[38;5;16;48;5;16m▓[38;5;16;48;5;16m▓[38;5;16;48;5;16m▓[38;5;16;48;5;16m▓[38;5;16;48;5;16m▓[38;5;16;48;5;16m▓[38;5;16;48;5;16m▓[38;5;16;48;5;16m▓[38;5;16;48;5;16m▓[38;5;16;48;5;16m▓[38;5;16;48;5;16m▓[38;5;16;48;5;16m▓[38;5;16;48;5;16m▓[38;5;16;48;5;16m▓[38;5;16;48;5;16m▓[38;5;16;48;5;16m▓[38;5;16;48;5;16m▓[38;5;16;48;5;16m▓[38;5;16;48;5;16m▓[38;5;16;48;5;16m▓[38;5;16;48;5;16m▓[38;5;16;48;5;16m▓[38;5;16;48;5;16m▓[38;5;16;48;5;16m▓[38;5;62;48;5;233m▒[38;5;17;48;5;232m [38;5;17;48;5;233m [38;5;17;48;5;232m [38;5;17;48;5;232m [38;5;17;48;5;232m [38;5;17;48;5;232m [38;5;17;48;5;232m [38;5;17;48;5;233m [38;5;69;48;5;233m [38;5;69;48;5;233m [38;5;27;48;5;233m [38;5;25;48;5;234m [38;5;17;48;5;16m [38;5;16;48;5;16m▓[38;5;16;48;5;16m▓[38;5;16;48;5;16m▓[38;5;16;48;5;16m▓[38;5;16;48;5;16m▓[38;5;16;48;5;16m▓[38;5;16;48;5;16m▓[38;5;16;48;5;16m▓[38;5;16;48;5;16m▓[38;5;16;48;5;16m▓[38;5;16;48;5;16m▓[38;5;16;48;5;16m▓[38;5;16;48;5;16m▓[38;5;16;48;5;16m▓[38;5;16;48;5;16m▓[38;5;16;48;5;16m▓[38;5;16;48;5;16m▓[38;5;16;48;5;16m▓[38;5;16;48;5;16m▓[38;5;16;48;5;16m▓[38;5;16;48;5;16m▓[38;5;16;48;5;16m▓[38;5;16;48;5;16m▓[38;5;16;48;5;16m▓[38;5;16;48;5;16m▓[38;5;16;48;5;16m▓[38;5;16;48;5;16m▓[38;5;16;48;5;16m▓[38;5;16;48;5;16m▓[38;5;16;48;5;16m▓[38;5;16;48;5;16m▓[38;5;16;48;5;16m▓[0m
[38;5;16;48;5;16m▓[38;5;16;48;5;16m▓[38;5;16;48;5;16m▓[38;5;16;48;5;16m▓[38;5;16;48;5;16m▓[38;5;16;48;5;16m▓[38;5;16;48;5;16m▓[38;5;16;48;5;16m▓[38;5;16;48;5;16m▓[38;5;16;48;5;16m▓[38;5;16;48;5;16m▓[38;5;16;48;5;16m▓[38;5;16;48;5;16m▓[38;5;16;48;5;16m▓[38;5;16;48;5;16m▓[38;5;16;48;5;16m▓[38;5;16;48;5;16m▓[38;5;16;48;5;16m▓[38;5;16;48;5;16m▓[38;5;16;48;5;16m▓[38;5;16;48;5;16m▓[38;5;16;48;5;16m▓[38;5;16;48;5;16m▓[38;5;16;48;5;16m▓[38;5;16;48;5;16m▓[38;5;16;48;5;16m▓[38;5;16;48;5;16m▓[38;5;16;48;5;16m▓[38;5;16;48;5;16m▓[38;5;16;48;5;16m▓[38;5;16;48;5;16m▓[38;5;16;48;5;16m▓[38;5;16;48;5;16m▓[38;5;16;48;5;16m▓[38;5;16;48;5;16m▓[38;5;16;48;5;16m▓[38;5;16;48;5;16m▓[38;5;16;48;5;16m▓[38;5;16;48;5;16m▓[38;5;16;48;5;16m▓[38;5;16;48;5;16m▓[38;5;16;48;5;16m▓[38;5;16;48;5;16m▓[38;5;16;48;5;16m▓[38;5;16;48;5;16m▓[38;5;16;48;5;16m▓[38;5;16;48;5;16m▓[38;5;16;48;5;16m▓[38;5;16;48;5;16m▓[38;5;16;48;5;16m▓[38;5;16;48;5;16m▓[38;5;16;48;5;16m▓[38;5;16;48;5;16m▓[38;5;16;48;5;16m▓[38;5;16;48;5;16m▓[38;5;16;48;5;16m▓[38;5;16;48;5;16m▓[38;5;16;48;5;16m▓[38;5;16;48;5;16m▓[38;5;16;48;5;16m▓[38;5;16;48;5;16m▓[38;5;16;48;5;16m▓[38;5;16;48;5;16m▓[38;5;16;48;5;16m▓[38;5;16;48;5;16m▓[38;5;16;48;5;16m▓[38;5;16;48;5;16m▓[38;5;16;48;5;16m▓[38;5;16;48;5;16m▓[38;5;16;48;5;16m▓[38;5;16;48;5;16m▓[38;5;16;48;5;16m▓[38;5;16;48;5;16m▓[38;5;16;48;5;16m▓[38;5;16;48;5;16m▓[38;5;16;48;5;16m▓[38;5;16;48;5;16m▓[38;5;16;48;5;16m▓[38;5;16;48;5;16m▓[38;5;16;48;5;16m▓[0m
[38;5;16;48;5;16m▓[38;5;16;48;5;16m▓[38;5;16;48;5;16m▓[38;5;16;48;5;16m▓[38;5;16;48;5;16m▓[38;5;16;48;5;16m▓[38;5;16;48;5;16m▓[38;5;16;48;5;16m▓[38;5;16;48;5;16m▓[38;5;16;48;5;16m▓[38;5;16;48;5;16m▓[38;5;16;48;5;16m▓[38;5;16;48;5;16m▓[38;5;16;48;5;16m▓[38;5;16;48;5;16m▓[38;5;16;48;5;16m▓[38;5;16;48;5;16m▓[38;5;16;48;5;16m▓[38;5;16;48;5;16m▓[38;5;16;48;5;16m▓[38;5;16;48;5;16m▓[38;5;16;48;5;16m▓[38;5;16;48;5;16m▓[38;5;16;48;5;16m▓[38;5;16;48;5;16m▓[38;5;16;48;5;16m▓[38;5;16;48;5;16m▓[38;5;16;48;5;16m▓[38;5;16;48;5;16m▓[38;5;16;48;5;16m▓[38;5;16;48;5;16m▓[38;5;16;48;5;16m▓[38;5;16;48;5;16m▓[38;5;16;48;5;16m▓[38;5;16;48;5;16m▓[38;5;16;48;5;16m▓[38;5;16;48;5;16m▓[38;5;16;48;5;16m▓[38;5;16;48;5;16m▓[38;5;16;48;5;16m▓[38;5;16;48;5;16m▓[38;5;16;48;5;16m▓[38;5;16;48;5;16m▓[38;5;16;48;5;16m▓[38;5;16;48;5;16m▓[38;5;16;48;5;16m▓[38;5;16;48;5;16m▓[38;5;16;48;5;16m▓[38;5;16;48;5;16m▓[38;5;16;48;5;16m▓[38;5;16;48;5;16m▓[38;5;16;48;5;16m▓[38;5;16;48;5;16m▓[38;5;16;48;5;16m▓[38;5;16;48;5;16m▓[38;5;16;48;5;16m▓[38;5;16;48;5;16m▓[38;5;16;48;5;16m▓[38;5;16;48;5;16m▓[38;5;16;48;5;16m▓[38;5;16;48;5;16m▓[38;5;16;48;5;16m▓[38;5;16;48;5;16m▓[38;5;16;48;5;16m▓[38;5;16;48;5;16m▓[38;5;16;48;5;16m▓[38;5;16;48;5;16m▓[38;5;16;48;5;16m▓[38;5;16;48;5;16m▓[38;5;16;48;5;16m▓[38;5;16;48;5;16m▓[38;5;16;48;5;16m▓[38;5;16;48;5;16m▓[38;5;16;48;5;16m▓[38;5;16;48;5;16m▓[38;5;16;48;5;16m▓[38;5;16;48;5;16m▓[38;5;16;48;5;16m▓[38;5;16;48;5;16m▓[38;5;16;48;5;16m▓[0m
[0m